% -------------------------------------------------------------------
%  Generated by MATLAB on 18-Oct-2023 22:22:19
%  MATLAB version: 9.14.0.2239454 (R2023a) Update 1
% -------------------------------------------------------------------
                                                

smiData = struct;
smiData.RigidTransform = struct;
smiData.RigidTransform(1).translation = ...
  [26.499999999999996 13.300000000000006 2.2999999999999963];
smiData.RigidTransform(1).angle = 0;
smiData.RigidTransform(1).axis = [0 0 0];
smiData.RigidTransform(1).ID = ['B[Revolute Joint 1-1:-:Motor Attacher-' ...
                                '1]'];
smiData.RigidTransform(1).ID = convertCharsToStrings( ...
  smiData.RigidTransform(1).ID);
smiData.RigidTransform(2).translation = ...
  [6.9999999999998188 -14.999999999999989 26.5000000000002];
smiData.RigidTransform(2).angle = 2.094395102393197;
smiData.RigidTransform(2).axis = [-0.57735026918962462 -0.57735026918962629 ...
                                  -0.57735026918962629];
smiData.RigidTransform(2).ID = ['F[Revolute Joint 1-1:-:Motor Attacher-' ...
                                '1]'];
smiData.RigidTransform(2).ID = convertCharsToStrings( ...
  smiData.RigidTransform(2).ID);
smiData.RigidTransform(3).translation = ...
  [26.499999999999996 -13.299999999999992 2.2999999999999963];
smiData.RigidTransform(3).angle = 0;
smiData.RigidTransform(3).axis = [0 0 0];
smiData.RigidTransform(3).ID = ['B[Revolute Joint 1-1:-:Motor Attacher-' ...
                                '2]'];
smiData.RigidTransform(3).ID = convertCharsToStrings( ...
  smiData.RigidTransform(3).ID);
smiData.RigidTransform(4).translation = ...
  [6.9999999999991829 -15.000000000000039 -26.499999999999432];
smiData.RigidTransform(4).angle = 2.0943951023932024;
smiData.RigidTransform(4).axis = [-0.57735026918962162 0.57735026918962784 ...
                                  0.57735026918962784];
smiData.RigidTransform(4).ID = ['F[Revolute Joint 1-1:-:Motor Attacher-' ...
                                '2]'];
smiData.RigidTransform(4).ID = convertCharsToStrings( ...
  smiData.RigidTransform(4).ID);
smiData.RigidTransform(5).translation = ...
  [-4.2488795325205873 0.0012060105149258593 174.72337649086273];
smiData.RigidTransform(5).angle = 3.1415926535897927;
smiData.RigidTransform(5).axis = [1 0 0];
smiData.RigidTransform(5).ID = 'B[Base Frame-1:-:Revolute Joint 1-1]';
smiData.RigidTransform(5).ID = convertCharsToStrings( ...
  smiData.RigidTransform(5).ID);
smiData.RigidTransform(6).translation = ...
  [-2.0900793404300832E-10 2.6917710312223841E-10 100.52337649086292];
smiData.RigidTransform(6).angle = 3.1415926535897931;
smiData.RigidTransform(6).axis = [1 1.6693561202785655E-34 1.9306492095300014E-17 ...
                                  ];
smiData.RigidTransform(6).ID = 'F[Base Frame-1:-:Revolute Joint 1-1]';
smiData.RigidTransform(6).ID = convertCharsToStrings( ...
  smiData.RigidTransform(6).ID);
smiData.RigidTransform(7).translation = ...
  [141.9987144307984 -4.5000000000000036 7.5000000000371365];
smiData.RigidTransform(7).angle = 2.6152034964104449E-13;
smiData.RigidTransform(7).axis = [-0 -1 0];
smiData.RigidTransform(7).ID = ['B[Revolute Joint 2-1:-:Revolute Joint ' ...
                                '3-1]'];
smiData.RigidTransform(7).ID = convertCharsToStrings( ...
  smiData.RigidTransform(7).ID);
smiData.RigidTransform(8).translation = ...
  [7.90758569735317E-11 2.2559731860383181E-12 13.700000000054212];
smiData.RigidTransform(8).angle = 4.241026750550038E-15;
smiData.RigidTransform(8).axis = [0.28292908039489145 0.95914083192558364 ...
                                  5.7544124116685388E-16];
smiData.RigidTransform(8).ID = ['F[Revolute Joint 2-1:-:Revolute Joint ' ...
                                '3-1]'];
smiData.RigidTransform(8).ID = convertCharsToStrings( ...
  smiData.RigidTransform(8).ID);
smiData.RigidTransform(9).translation = ...
  [-50.001285569197641 12.500000000000011 -7.5000000000130793];
smiData.RigidTransform(9).angle = 3.1415926535897931;
smiData.RigidTransform(9).axis = [1 0 0];
smiData.RigidTransform(9).ID = 'B[Revolute Joint 2-1:-:Bushing-1]';
smiData.RigidTransform(9).ID = convertCharsToStrings( ...
  smiData.RigidTransform(9).ID);
smiData.RigidTransform(10).translation = ...
  [16.857888407269783 48.705134810904426 -3.5980178836325649E-9];
smiData.RigidTransform(10).angle = 6.5552438757085837E-13;
smiData.RigidTransform(10).axis = [0.15555598137333029 0.98782707831835626 ...
                                   5.0364728798961954E-14];
smiData.RigidTransform(10).ID = 'F[Revolute Joint 2-1:-:Bushing-1]';
smiData.RigidTransform(10).ID = convertCharsToStrings( ...
  smiData.RigidTransform(10).ID);
smiData.RigidTransform(11).translation = ...
  [-1.9428902930940239E-12 0 7.5000000000000133];
smiData.RigidTransform(11).angle = 2.6152034964104449E-13;
smiData.RigidTransform(11).axis = [-0 -1 0];
smiData.RigidTransform(11).ID = 'B[Revolute Joint 2-1:-:Servo Motor-1]';
smiData.RigidTransform(11).ID = convertCharsToStrings( ...
  smiData.RigidTransform(11).ID);
smiData.RigidTransform(12).translation = ...
  [2.8477585338080473 40.0761319621948 36.350049999983511];
smiData.RigidTransform(12).angle = 2.0943951023931962;
smiData.RigidTransform(12).axis = [-0.577350269189626 -0.5773502691896254 ...
                                   -0.577350269189626];
smiData.RigidTransform(12).ID = 'F[Revolute Joint 2-1:-:Servo Motor-1]';
smiData.RigidTransform(12).ID = convertCharsToStrings( ...
  smiData.RigidTransform(12).ID);
smiData.RigidTransform(13).translation = ...
  [0 17.500000000000014 42.092287702679961];
smiData.RigidTransform(13).angle = 2.0943951023931957;
smiData.RigidTransform(13).axis = [-0.57735026918962584 -0.57735026918962573 ...
                                   -0.57735026918962573];
smiData.RigidTransform(13).ID = 'B[Revolute Joint 3-1:-:Link 2-1]';
smiData.RigidTransform(13).ID = convertCharsToStrings( ...
  smiData.RigidTransform(13).ID);
smiData.RigidTransform(14).translation = ...
  [-42.092287702672976 5.50000000001647 -81.000000000000938];
smiData.RigidTransform(14).angle = 3.1415926535897905;
smiData.RigidTransform(14).axis = [-9.33281230075522E-16 0.70710678118654824 ...
                                   0.707106781186547];
smiData.RigidTransform(14).ID = 'F[Revolute Joint 3-1:-:Link 2-1]';
smiData.RigidTransform(14).ID = convertCharsToStrings( ...
  smiData.RigidTransform(14).ID);
smiData.RigidTransform(15).translation = ...
  [0 0 -10.000000000000044];
smiData.RigidTransform(15).angle = 3.1415926535897931;
smiData.RigidTransform(15).axis = [1 0 0];
smiData.RigidTransform(15).ID = 'B[Revolute Joint 4-1:-:Link 2-1]';
smiData.RigidTransform(15).ID = convertCharsToStrings( ...
  smiData.RigidTransform(15).ID);
smiData.RigidTransform(16).translation = ...
  [9.4999999999720188 -3.6710190443045576E-11 77.00000000000675];
smiData.RigidTransform(16).angle = 2.0943951023931957;
smiData.RigidTransform(16).axis = [0.577350269189626 0.57735026918962573 ...
                                   0.57735026918962551];
smiData.RigidTransform(16).ID = 'F[Revolute Joint 4-1:-:Link 2-1]';
smiData.RigidTransform(16).ID = convertCharsToStrings( ...
  smiData.RigidTransform(16).ID);
smiData.RigidTransform(17).translation = ...
  [52.000000000000043 -9.5000000000000089 0];
smiData.RigidTransform(17).angle = 2.0943951023931953;
smiData.RigidTransform(17).axis = [0.57735026918962584 -0.57735026918962584 ...
                                   0.57735026918962584];
smiData.RigidTransform(17).ID = ['B[Revolute Joint 4-1:-:End Effector-1' ...
                                 ']'];
smiData.RigidTransform(17).ID = convertCharsToStrings( ...
  smiData.RigidTransform(17).ID);
smiData.RigidTransform(18).translation = ...
  [29.100000000003391 16.000000000002167 1.6211032516366686E-11];
smiData.RigidTransform(18).angle = 2.0943951023932041;
